HMD v2
	Header : 0.457 KB
	Data : 13.12 KB

@0 ANIMATION
	Name : mixamo.com
	Frames : 28
	Sampling : 30
	Speed : 1
	Loop : true
	Objects : 
		mixamorig:Head : Position,Rotation
		mixamorig:Hips : Position,Rotation
		mixamorig:LeftArm : Position,Rotation
		mixamorig:LeftFoot : Position,Rotation
		mixamorig:LeftForeArm : Position,Rotation
		mixamorig:LeftLeg : Position,Rotation
		mixamorig:LeftShoulder : Position,Rotation
		mixamorig:LeftToeBase : Position,Rotation
		mixamorig:LeftUpLeg : Position,Rotation
		mixamorig:Neck : Position,Rotation
		mixamorig:RightArm : Position,Rotation
		mixamorig:RightFoot : Position,Rotation
		mixamorig:RightForeArm : Position,Rotation
		mixamorig:RightLeg : Position,Rotation
		mixamorig:RightShoulder : Position,Rotation
		mixamorig:RightToeBase : Position,Rotation
		mixamorig:RightUpLeg : Position,Rotation
		mixamorig:Spine : Position,Rotation
		mixamorig:Spine1 : Position,Rotation
		mixamorig:Spine2 : Position,Rotation

@0 ANIMATION
	mixamorig:Head Position : [[0.1136016845703125,2.1547012329101562,0,0.017181396484375,-0.00275421142578125,0.22902679443359375],[0.1136016845703125,2.1547012329101562,0,0.022003173828125,0.02178955078125,0.22330474853515625],[0.1136016845703125,2.1547012329101562,0,0.0243377685546875,0.04145050048828125,0.21761322021484375],[0.1136016845703125,2.1547012329101562,0,0.029296875,0.053375244140625,0.21710205078125],[0.1136016845703125,2.1547012329101562,0,0.031402587890625,0.0544891357421875,0.22190093994140625],[0.1136016845703125,2.1547012329101562,0,0.02550506591796875,0.04686737060546875,0.2266082763671875],[0.1136016845703125,2.1547012329101562,0,0.01613616943359375,0.038299560546875,0.2255401611328125],[0.1136016845703125,2.1547012329101562,0,0.00867462158203125,0.03514862060546875,0.21734619140625],[0.1136016845703125,2.1547012329101562,0,-0.00106048583984375,0.0370025634765625,0.2071990966796875],[0.1136016845703125,2.1547012329101562,0,-0.0227813720703125,0.03943634033203125,0.2027435302734375],[0.1136016845703125,2.1547012329101562,0,-0.056732177734375,0.0392913818359375,0.20691680908203125],[0.1136016845703125,2.1547012329101562,0,-0.089996337890625,0.03553009033203125,0.2160186767578125],[0.1136016845703125,2.1547012329101562,0,-0.11173248291015625,0.02789306640625,0.222991943359375],[0.1136016845703125,2.1547012329101562,0,-0.1229095458984375,0.0165252685546875,0.22202301025390625],[0.1136016845703125,2.1547012329101562,0,-0.12918853759765625,0.0013427734375,0.21327972412109375],[0.1136016845703125,2.1547012329101562,0,-0.1327056884765625,-0.01694488525390625,0.20343780517578125],[0.1136016845703125,2.1547012329101562,0,-0.13262176513671875,-0.034271240234375,0.19908905029296875],[0.1136016845703125,2.1547012329101562,0,-0.12862396240234375,-0.045074462890625,0.20059967041015625],[0.1136016845703125,2.1547012329101562,0,-0.1216278076171875,-0.04770660400390625,0.20345306396484375],[0.1136016845703125,2.1547012329101562,0,-0.11264801025390625,-0.0458831787109375,0.2033843994140625],[0.1136016845703125,2.1547012329101562,0,-0.10176849365234375,-0.04409027099609375,0.1993408203125],[0.1136016845703125,2.1547012329101562,0,-0.08742523193359375,-0.04306793212890625,0.19405364990234375],[0.1136016845703125,2.1547012329101562,0,-0.06740570068359375,-0.0408935546875,0.19283294677734375],[0.1136016845703125,2.1547012329101562,0,-0.04224395751953125,-0.03717041015625,0.1990814208984375],[0.1136016845703125,2.1547012329101562,0,-0.0177154541015625,-0.03423309326171875,0.21012115478515625],[0.1136016845703125,2.1547012329101562,0,-0.00077056884765625,-0.0321502685546875,0.2203369140625],[0.1136016845703125,2.1547012329101562,0,0.00859832763671875,-0.02452850341796875,0.226806640625],[0.1136016845703125,2.1547012329101562,0,0.017181396484375,-0.00275421142578125,0.22902679443359375]]
	mixamorig:Hips Position : [[-0.1154022216796875,13.11163330078125,-0.842803955078125,-0.066436767578125,-0.5833206176757812,-0.08637237548828125],[-0.042083740234375,13.387496948242188,-0.98321533203125,-0.091033935546875,-0.6012191772460938,-0.0703887939453125],[0.02964019775390625,13.576568603515625,-1.07708740234375,-0.11478424072265625,-0.6160430908203125,-0.07015228271484375],[0.0260162353515625,13.736862182617188,-1.134033203125,-0.12802886962890625,-0.6238784790039062,-0.08402252197265625],[-0.0121612548828125,13.874061584472656,-1.1800384521484375,-0.1262969970703125,-0.6263351440429688,-0.09706878662109375],[-0.04283905029296875,13.911911010742188,-1.23291015625,-0.11202239990234375,-0.6304702758789062,-0.09967041015625],[-0.07263946533203125,13.776817321777344,-1.3349380493164062,-0.09455108642578125,-0.6402130126953125,-0.095611572265625],[-0.10137939453125,13.467811584472656,-1.513458251953125,-0.08292388916015625,-0.6529998779296875,-0.092315673828125],[-0.12258148193359375,13.060218811035156,-1.7338027954101562,-0.0836029052734375,-0.6661224365234375,-0.08849334716796875],[-0.14231109619140625,12.668312072753906,-1.9907913208007812,-0.0941925048828125,-0.6788558959960938,-0.08110809326171875],[-0.1640625,12.412216186523438,-2.2389297485351562,-0.1028594970703125,-0.6959762573242188,-0.07369232177734375],[-0.18967437744140625,12.3807373046875,-2.3294677734375,-0.0973358154296875,-0.722137451171875,-0.0744476318359375],[-0.2519989013671875,12.652519226074219,-2.2535858154296875,-0.075836181640625,-0.7499618530273438,-0.08837890625],[-0.2867279052734375,13.078010559082031,-2.2068252563476562,-0.0503387451171875,-0.7644500732421875,-0.1089324951171875],[-0.2999725341796875,13.37982177734375,-2.0933074951171875,-0.03578948974609375,-0.7613906860351562,-0.12555694580078125],[-0.32144927978515625,13.566001892089844,-1.9084930419921875,-0.03504180908203125,-0.7481765747070312,-0.13677215576171875],[-0.33374786376953125,13.679740905761719,-1.69085693359375,-0.0429840087890625,-0.7330780029296875,-0.14237213134765625],[-0.35243988037109375,13.843368530273438,-1.4083709716796875,-0.05045318603515625,-0.7208175659179688,-0.13995361328125],[-0.3806610107421875,13.934730529785156,-1.1176223754882812,-0.050872802734375,-0.71173095703125,-0.12999725341796875],[-0.39713287353515625,13.819473266601562,-0.9478607177734375,-0.04634857177734375,-0.7055816650390625,-0.1175689697265625],[-0.39603424072265625,13.493118286132812,-0.8935928344726562,-0.04315948486328125,-0.7006607055664062,-0.10730743408203125],[-0.37564849853515625,13.038200378417969,-0.9324798583984375,-0.0419921875,-0.6970443725585938,-0.10195159912109375],[-0.3848724365234375,12.5615234375,-1.07659912109375,-0.03778839111328125,-0.693267822265625,-0.10337066650390625],[-0.362213134765625,12.182472229003906,-1.2632598876953125,-0.02761077880859375,-0.6849136352539062,-0.11020660400390625],[-0.354248046875,11.9805908203125,-1.3418045043945312,-0.01639556884765625,-0.6661529541015625,-0.1159210205078125],[-0.32988739013671875,12.037322998046875,-1.1250381469726562,-0.0158843994140625,-0.6353225708007812,-0.11293792724609375],[-0.24924468994140625,12.497207641601562,-0.957977294921875,-0.037139892578125,-0.602935791015625,-0.09712982177734375],[-0.1154022216796875,13.11163330078125,-0.842803955078125,-0.066436767578125,-0.5833206176757812,-0.08637237548828125]]
	mixamorig:LeftArm Position : [[0,2.6769027709960938,0,0.35681915283203125,-0.24881744384765625,-0.05091094970703125],[0,2.6769027709960938,0,0.341278076171875,-0.3288421630859375,-0.01616668701171875],[0,2.6769027709960938,0,0.32413482666015625,-0.3672027587890625,0.01934814453125],[0,2.6769027709960938,0,0.286468505859375,-0.35833740234375,0.0529937744140625],[0,2.6769027709960938,0,0.25162506103515625,-0.31473541259765625,0.06827545166015625],[0,2.6769027709960938,0,0.24796295166015625,-0.26575469970703125,0.0645599365234375],[0,2.6769027709960938,0,0.26189422607421875,-0.2275238037109375,0.05367279052734375],[0,2.6769027709960938,0,0.2699127197265625,-0.1956787109375,0.0354461669921875],[0,2.6769027709960938,0,0.268096923828125,-0.1608734130859375,-0.0008697509765625],[0,2.6769027709960938,0,0.26453399658203125,-0.12094879150390625,-0.06171417236328125],[0,2.6769027709960938,0,0.26248931884765625,-0.086334228515625,-0.1392669677734375],[0,2.6769027709960938,0,0.25433349609375,-0.07021331787109375,-0.2168731689453125],[0,2.6769027709960938,0,0.23380279541015625,-0.07131195068359375,-0.28115081787109375],[0,2.6769027709960938,0,0.2044219970703125,-0.07244110107421875,-0.32781982421875],[0,2.6769027709960938,0,0.170654296875,-0.0565185546875,-0.35884857177734375],[0,2.6769027709960938,0,0.1346282958984375,-0.0246429443359375,-0.37375640869140625],[0,2.6769027709960938,0,0.10469818115234375,0.00289154052734375,-0.3684539794921875],[0,2.6769027709960938,0,0.0954742431640625,0.00623321533203125,-0.34395599365234375],[0,2.6769027709960938,0,0.11199951171875,-0.01694488525390625,-0.3092498779296875],[0,2.6769027709960938,0,0.14249420166015625,-0.0579833984375,-0.27215576171875],[0,2.6769027709960938,0,0.17543792724609375,-0.11096954345703125,-0.234100341796875],[0,2.6769027709960938,0,0.21498870849609375,-0.1658935546875,-0.20172882080078125],[0,2.6769027709960938,0,0.269744873046875,-0.1959228515625,-0.19232940673828125],[0,2.6769027709960938,0,0.3347625732421875,-0.181549072265625,-0.2038421630859375],[0,2.6769027709960938,0,0.38861083984375,-0.144622802734375,-0.20128631591796875],[0,2.6769027709960938,0,0.4012908935546875,-0.127593994140625,-0.1671142578125],[0,2.6769027709960938,0,0.37717437744140625,-0.1632537841796875,-0.1110992431640625],[0,2.6769027709960938,0,0.35681915283203125,-0.24881744384765625,-0.05091094970703125]]
	mixamorig:LeftFoot Position : [[0,6.041297912597656,0,0.6968154907226562,-0.5738372802734375,0.29166412353515625],[0,6.041297912597656,0,0.6892623901367188,-0.52447509765625,0.31531524658203125],[0,6.041297912597656,0,0.633544921875,-0.528594970703125,0.39684295654296875],[0,6.041297912597656,0,0.6050491333007812,-0.5079193115234375,0.43831634521484375],[0,6.041297912597656,0,0.5842819213867188,-0.4860687255859375,0.46457672119140625],[0,6.041297912597656,0,0.561737060546875,-0.46612548828125,0.48880767822265625],[0,6.041297912597656,0,0.5385360717773438,-0.43087005615234375,0.5093765258789062],[0,6.041297912597656,0,0.5169601440429688,-0.3757171630859375,0.522003173828125],[0,6.041297912597656,0,0.5301666259765625,-0.4146575927734375,0.5180282592773438],[0,6.041297912597656,0,0.5539703369140625,-0.4957427978515625,0.500091552734375],[0,6.041297912597656,0,0.5849685668945312,-0.5452423095703125,0.45706939697265625],[0,6.041297912597656,0,0.6052093505859375,-0.5811080932617188,0.423614501953125],[0,6.041297912597656,0,0.6201629638671875,-0.575408935546875,0.4240264892578125],[0,6.041297912597656,0,0.6327590942382812,-0.5120315551757812,0.4547119140625],[0,6.041297912597656,0,0.6085281372070312,-0.42555999755859375,0.5020217895507812],[0,6.041297912597656,0,0.5728683471679688,-0.3781890869140625,0.5089645385742188],[0,6.041297912597656,0,0.5637741088867188,-0.41065216064453125,0.4702301025390625],[0,6.041297912597656,0,0.5455703735351562,-0.4292144775390625,0.45018768310546875],[0,6.041297912597656,0,0.5367355346679688,-0.43202972412109375,0.4400787353515625],[0,6.041297912597656,0,0.5749740600585938,-0.4473724365234375,0.43346405029296875],[0,6.041297912597656,0,0.614349365234375,-0.47271728515625,0.40889739990234375],[0,6.041297912597656,0,0.6464080810546875,-0.50140380859375,0.37360382080078125],[0,6.041297912597656,0,0.6805877685546875,-0.542999267578125,0.3170166015625],[0,6.041297912597656,0,0.7085647583007812,-0.5983657836914062,0.25173187255859375],[0,6.041297912597656,0,0.7151031494140625,-0.6553115844726562,0.19399261474609375],[0,6.041297912597656,0,0.7215728759765625,-0.66552734375,0.16930389404296875],[0,6.041297912597656,0,0.7208023071289062,-0.6325454711914062,0.21849822998046875],[0,6.041297912597656,0,0.6968154907226562,-0.5738372802734375,0.29166412353515625]]
	mixamorig:LeftForeArm Position : [[0,3.1946029663085938,0,0.00382232666015625,0.00225067138671875,-0.4644927978515625],[0,3.1946029663085938,0,0.0042724609375,0.0025177001953125,-0.5191726684570312],[0,3.1946029663085938,0,0.0045928955078125,0.00270843505859375,-0.5579910278320312],[0,3.1946029663085938,0,0.00469970703125,0.002777099609375,-0.5709381103515625],[0,3.1946029663085938,0,0.0045928955078125,0.002716064453125,-0.5582962036132812],[0,3.1946029663085938,0,0.0044097900390625,0.00260162353515625,-0.5361709594726562],[0,3.1946029663085938,0,0.00429534912109375,0.00254058837890625,-0.522705078125],[0,3.1946029663085938,0,0.00424957275390625,0.00251007080078125,-0.5164108276367188],[0,3.1946029663085938,0,0.004150390625,0.00244903564453125,-0.5047836303710938],[0,3.1946029663085938,0,0.0040435791015625,0.00238800048828125,-0.492095947265625],[0,3.1946029663085938,0,0.004150390625,0.00244903564453125,-0.5042495727539062],[0,3.1946029663085938,0,0.0045928955078125,0.002716064453125,-0.5589447021484375],[0,3.1946029663085938,0,0.00528717041015625,0.00312042236328125,-0.6426315307617188],[0,3.1946029663085938,0,0.0059814453125,0.0035400390625,-0.7271728515625],[0,3.1946029663085938,0,0.00653076171875,0.00386810302734375,-0.7942733764648438],[0,3.1946029663085938,0,0.0067596435546875,0.00429534912109375,-0.8387069702148438],[0,3.1946029663085938,0,0.00714111328125,0.0041046142578125,-0.8621063232421875],[0,3.1946029663085938,0,0.0072479248046875,0.00403594970703125,-0.86895751953125],[0,3.1946029663085938,0,0.00719451904296875,0.0040740966796875,-0.865570068359375],[0,3.1946029663085938,0,0.0070953369140625,0.0041351318359375,-0.8593292236328125],[0,3.1946029663085938,0,0.00699615478515625,0.00418853759765625,-0.8533172607421875],[0,3.1946029663085938,0,0.0067291259765625,0.00431060791015625,-0.8368606567382812],[0,3.1946029663085938,0,0.00643157958984375,0.0037994384765625,-0.781890869140625],[0,3.1946029663085938,0,0.0054168701171875,0.003204345703125,-0.6589202880859375],[0,3.1946029663085938,0,0.00405120849609375,0.00238800048828125,-0.4923248291015625],[0,3.1946029663085938,0,0.00313568115234375,0.00185394287109375,-0.38177490234375],[0,3.1946029663085938,0,0.003173828125,0.00186920166015625,-0.38596343994140625],[0,3.1946029663085938,0,0.00382232666015625,0.00225067138671875,-0.4644927978515625]]
	mixamorig:LeftLeg Position : [[0,7.0352020263671875,0,-0.0209503173828125,-0.0092315673828125,-0.9334945678710938],[0,7.0352020263671875,0,0.0537109375,0.0425872802734375,-0.8935546875],[0,7.0352020263671875,0,0.03984832763671875,0.04705047607421875,-0.8346023559570312],[0,7.0352020263671875,0,0.00640106201171875,0.02359771728515625,-0.7475051879882812],[0,7.0352020263671875,0,-0.0002288818359375,0.0154571533203125,-0.6178054809570312],[0,7.0352020263671875,0,0.009796142578125,0.03891754150390625,-0.44522857666015625],[0,7.0352020263671875,0,0.00768280029296875,0.05554962158203125,-0.2515869140625],[0,7.0352020263671875,0,-0.0009307861328125,0.04579925537109375,-0.10497283935546875],[0,7.0352020263671875,0,-0.0025177001953125,0.0238189697265625,-0.22486114501953125],[0,7.0352020263671875,0,-0.00470733642578125,0.029693603515625,-0.37558746337890625],[0,7.0352020263671875,0,-0.00258636474609375,0.02960968017578125,-0.44503021240234375],[0,7.0352020263671875,0,-0.00002288818359375,0.00406646728515625,-0.4547882080078125],[0,7.0352020263671875,0,0.00603485107421875,-0.03072357177734375,-0.400054931640625],[0,7.0352020263671875,0,0.01404571533203125,-0.0512542724609375,-0.297454833984375],[0,7.0352020263671875,0,0.0159149169921875,-0.051666259765625,-0.1931610107421875],[0,7.0352020263671875,0,0.010101318359375,-0.0449676513671875,-0.17212677001953125],[0,7.0352020263671875,0,0.01065826416015625,-0.0097198486328125,-0.19443511962890625],[0,7.0352020263671875,0,0.01720428466796875,0.0571746826171875,-0.157196044921875],[0,7.0352020263671875,0,0.02022552490234375,0.07391357421875,-0.1819915771484375],[0,7.0352020263671875,0,0.02332305908203125,0.059600830078125,-0.3279571533203125],[0,7.0352020263671875,0,0.0123443603515625,0.0263824462890625,-0.499664306640625],[0,7.0352020263671875,0,0.00188446044921875,0.01758575439453125,-0.6585159301757812],[0,7.0352020263671875,0,0.00267791748046875,0.0235443115234375,-0.7939834594726562],[0,7.0352020263671875,0,-0.013153076171875,0.01024627685546875,-0.8929977416992188],[0,7.0352020263671875,0,-0.03647613525390625,-0.00516510009765625,-0.9459609985351562],[0,7.0352020263671875,0,-0.032989501953125,-0.007720947265625,-0.9634628295898438],[0,7.0352020263671875,0,-0.024932861328125,-0.0091705322265625,-0.9612960815429688],[0,7.0352020263671875,0,-0.0209503173828125,-0.0092315673828125,-0.9334945678710938]]
	mixamorig:LeftShoulder Position : [[-0.0037994384765625,1.8602981567382812,1.3320999145507812,0.8186874389648438,0.0662078857421875,0.1009368896484375],[-0.0037994384765625,1.8602981567382812,1.3320999145507812,0.7888412475585938,0.0713348388671875,0.09801483154296875],[-0.0037994384765625,1.8602981567382812,1.3320999145507812,0.7683486938476562,0.07215118408203125,0.09441375732421875],[-0.0037994384765625,1.8602981567382812,1.3320999145507812,0.7788162231445312,0.0626983642578125,0.09066009521484375],[-0.0037994384765625,1.8602981567382812,1.3320999145507812,0.8030853271484375,0.0512847900390625,0.08779144287109375],[-0.0037994384765625,1.8602981567382812,1.3320999145507812,0.8168411254882812,0.045166015625,0.0862274169921875],[-0.0037994384765625,1.8602981567382812,1.3320999145507812,0.8212509155273438,0.03900146484375,0.0832366943359375],[-0.0037994384765625,1.8602981567382812,1.3320999145507812,0.82745361328125,0.0268402099609375,0.07691192626953125],[-0.0037994384765625,1.8602981567382812,1.3320999145507812,0.8374786376953125,0.011016845703125,0.06877899169921875],[-0.0037994384765625,1.8602981567382812,1.3320999145507812,0.84478759765625,-0.00428009033203125,0.0601959228515625],[-0.0037994384765625,1.8602981567382812,1.3320999145507812,0.8447952270507812,-0.02063751220703125,0.0493621826171875],[-0.0037994384765625,1.8602981567382812,1.3320999145507812,0.8384857177734375,-0.0406951904296875,0.03478240966796875],[-0.0037994384765625,1.8602981567382812,1.3320999145507812,0.8275070190429688,-0.05805206298828125,0.0211029052734375],[-0.0037994384765625,1.8602981567382812,1.3320999145507812,0.812835693359375,-0.0604400634765625,0.0167999267578125],[-0.0037994384765625,1.8602981567382812,1.3320999145507812,0.7982864379882812,-0.04250335693359375,0.025604248046875],[-0.0037994384765625,1.8602981567382812,1.3320999145507812,0.7897415161132812,-0.01259613037109375,0.04285430908203125],[-0.0037994384765625,1.8602981567382812,1.3320999145507812,0.78814697265625,0.012847900390625,0.05901336669921875],[-0.0037994384765625,1.8602981567382812,1.3320999145507812,0.7877960205078125,0.0227813720703125,0.06575775146484375],[-0.0037994384765625,1.8602981567382812,1.3320999145507812,0.78582763671875,0.01790618896484375,0.062286376953125],[-0.0037994384765625,1.8602981567382812,1.3320999145507812,0.7870941162109375,0.00665283203125,0.0552520751953125],[-0.0037994384765625,1.8602981567382812,1.3320999145507812,0.7959365844726562,-0.00140380859375,0.05169677734375],[-0.0037994384765625,1.8602981567382812,1.3320999145507812,0.808868408203125,-0.00020599365234375,0.05489349365234375],[-0.0037994384765625,1.8602981567382812,1.3320999145507812,0.8186721801757812,0.0109405517578125,0.06429290771484375],[-0.0037994384765625,1.8602981567382812,1.3320999145507812,0.8230667114257812,0.02643585205078125,0.07559967041015625],[-0.0037994384765625,1.8602981567382812,1.3320999145507812,0.8264923095703125,0.038665771484375,0.0842742919921875],[-0.0037994384765625,1.8602981567382812,1.3320999145507812,0.8314208984375,0.04647064208984375,0.09032440185546875],[-0.0037994384765625,1.8602981567382812,1.3320999145507812,0.8318252563476562,0.05471038818359375,0.095977783203125],[-0.0037994384765625,1.8602981567382812,1.3320999145507812,0.8186874389648438,0.0662078857421875,0.1009368896484375]]
	mixamorig:LeftToeBase Position : [[0,1.0958023071289062,0,0.00836944580078125,-0.00011444091796875,0.0050811767578125],[0,1.0958023071289062,0,-0.05841827392578125,0.0008087158203125,0.0051116943359375],[0,1.0958023071289062,0,-0.06280517578125,0.00087738037109375,0.00511932373046875],[0,1.0958023071289062,0,-0.04816436767578125,0.0001678466796875,0.0050811767578125],[0,1.0958023071289062,0,-0.0363616943359375,0.00011444091796875,0.0050811767578125],[0,1.0958023071289062,0,-0.0287933349609375,0.0000762939453125,0.0050811767578125],[0,1.0958023071289062,0,-0.02294158935546875,0.0000457763671875,0.0050811767578125],[0,1.0958023071289062,0,-0.01665496826171875,0.00000762939453125,0.0050811767578125],[0,1.0958023071289062,0,-0.00720977783203125,-0.00003814697265625,0.0050811767578125],[0,1.0958023071289062,0,0.00406646728515625,-0.000091552734375,0.0050811767578125],[0,1.0958023071289062,0,0.0155029296875,-0.000152587890625,0.0050811767578125],[0,1.0958023071289062,0,0.03491973876953125,-0.00025177001953125,0.0050811767578125],[0,1.0958023071289062,0,0.0770263671875,-0.0014495849609375,0.0051422119140625],[0,1.0958023071289062,0,0.1300811767578125,-0.0023345947265625,0.00524139404296875],[0,1.0958023071289062,0,0.146881103515625,-0.00261688232421875,0.00528717041015625],[0,1.0958023071289062,0,0.08214569091796875,-0.00153350830078125,0.00514984130859375],[0,1.0958023071289062,0,0.000396728515625,-0.0000762939453125,0.0050811767578125],[0,1.0958023071289062,0,-0.03277587890625,0.000091552734375,0.0050811767578125],[0,1.0958023071289062,0,-0.0165557861328125,0.00000762939453125,0.0050811767578125],[0,1.0958023071289062,0,0.00107574462890625,-0.0000762939453125,0.0050811767578125],[0,1.0958023071289062,0,-0.00720977783203125,-0.00003814697265625,0.0050811767578125],[0,1.0958023071289062,0,-0.02767181396484375,0.00006866455078125,0.0050811767578125],[0,1.0958023071289062,0,-0.03371429443359375,0.00009918212890625,0.0050811767578125],[0,1.0958023071289062,0,-0.01874542236328125,0.00002288818359375,0.0050811767578125],[0,1.0958023071289062,0,0.00467681884765625,-0.00009918212890625,0.0050811767578125],[0,1.0958023071289062,0,0.01979827880859375,-0.00017547607421875,0.0050811767578125],[0,1.0958023071289062,0,0.01874542236328125,-0.0001678466796875,0.0050811767578125],[0,1.0958023071289062,0,0.00836944580078125,-0.00011444091796875,0.0050811767578125]]
	mixamorig:LeftUpLeg Position : [[-0.0464019775390625,-0.7671966552734375,1.9925994873046875,-0.12525177001953125,-0.0252227783203125,-0.9187164306640625],[-0.0464019775390625,-0.7671966552734375,1.9925994873046875,-0.0669097900390625,-0.0186309814453125,-0.8607635498046875],[-0.0464019775390625,-0.7671966552734375,1.9925994873046875,-0.0289459228515625,-0.00742340087890625,-0.8208160400390625],[-0.0464019775390625,-0.7671966552734375,1.9925994873046875,-0.00997161865234375,-0.0002593994140625,-0.7985916137695312],[-0.0464019775390625,-0.7671966552734375,1.9925994873046875,-0.0035400390625,0.01324462890625,-0.8070907592773438],[-0.0464019775390625,-0.7671966552734375,1.9925994873046875,-0.0064849853515625,0.0254669189453125,-0.843109130859375],[-0.0464019775390625,-0.7671966552734375,1.9925994873046875,-0.012939453125,0.026580810546875,-0.88800048828125],[-0.0464019775390625,-0.7671966552734375,1.9925994873046875,-0.01621246337890625,0.0157623291015625,-0.9243621826171875],[-0.0464019775390625,-0.7671966552734375,1.9925994873046875,-0.0124053955078125,0.00028228759765625,-0.92071533203125],[-0.0464019775390625,-0.7671966552734375,1.9925994873046875,0.001739501953125,-0.01955413818359375,-0.9154129028320312],[-0.0464019775390625,-0.7671966552734375,1.9925994873046875,0.02079010009765625,-0.04335784912109375,-0.926239013671875],[-0.0464019775390625,-0.7671966552734375,1.9925994873046875,0.0277557373046875,-0.0524749755859375,-0.9510269165039062],[-0.0464019775390625,-0.7671966552734375,1.9925994873046875,0.01744842529296875,-0.027557373046875,-0.9804153442382812],[-0.0464019775390625,-0.7671966552734375,1.9925994873046875,-0.00820159912109375,0.02234649658203125,-0.9970932006835938],[-0.0464019775390625,-0.7671966552734375,1.9925994873046875,0.04599761962890625,-0.0640106201171875,0.9959716796875],[-0.0464019775390625,-0.7671966552734375,1.9925994873046875,0.07550811767578125,-0.0794677734375,0.9874496459960938],[-0.0464019775390625,-0.7671966552734375,1.9925994873046875,0.07776641845703125,-0.068450927734375,0.9809417724609375],[-0.0464019775390625,-0.7671966552734375,1.9925994873046875,0.05860137939453125,-0.036834716796875,0.9665069580078125],[-0.0464019775390625,-0.7671966552734375,1.9925994873046875,0.0335845947265625,-0.0013275146484375,0.9508209228515625],[-0.0464019775390625,-0.7671966552734375,1.9925994873046875,0.01778411865234375,0.02811431884765625,0.9474639892578125],[-0.0464019775390625,-0.7671966552734375,1.9925994873046875,0.01967620849609375,0.047698974609375,0.949310302734375],[-0.0464019775390625,-0.7671966552734375,1.9925994873046875,0.0346221923828125,0.0506591796875,0.9533309936523438],[-0.0464019775390625,-0.7671966552734375,1.9925994873046875,0.05587005615234375,0.03827667236328125,0.9581146240234375],[-0.0464019775390625,-0.7671966552734375,1.9925994873046875,0.08007049560546875,0.01680755615234375,0.9604949951171875],[-0.0464019775390625,-0.7671966552734375,1.9925994873046875,0.1151885986328125,0.00627899169921875,0.9619674682617188],[-0.0464019775390625,-0.7671966552734375,1.9925994873046875,0.147369384765625,0.01891326904296875,0.9794998168945312],[-0.0464019775390625,-0.7671966552734375,1.9925994873046875,-0.1489410400390625,-0.034393310546875,-0.97979736328125],[-0.0464019775390625,-0.7671966552734375,1.9925994873046875,-0.12525177001953125,-0.0252227783203125,-0.9187164306640625]]
	mixamorig:Neck Position : [[0,2.0641021728515625,0,0.0046844482421875,0.0019378662109375,0.09037017822265625],[0,2.0641021728515625,0,0.00946807861328125,0.00656890869140625,0.09387969970703125],[0,2.0641021728515625,0,0.012603759765625,0.01029205322265625,0.09592437744140625],[0,2.0641021728515625,0,0.01738739013671875,0.01200103759765625,0.098480224609375],[0,2.0641021728515625,0,0.020965576171875,0.0116729736328125,0.10118865966796875],[0,2.0641021728515625,0,0.02028656005859375,0.01016998291015625,0.101959228515625],[0,2.0641021728515625,0,0.01786041259765625,0.00848388671875,0.0996551513671875],[0,2.0641021728515625,0,0.01708221435546875,0.00733184814453125,0.094451904296875],[0,2.0641021728515625,0,0.0165863037109375,0.0069427490234375,0.08750152587890625],[0,2.0641021728515625,0,0.01220703125,0.0072479248046875,0.08111572265625],[0,2.0641021728515625,0,0.0036468505859375,0.0077362060546875,0.0777130126953125],[0,2.0641021728515625,0,-0.00441741943359375,0.007415771484375,0.077789306640625],[0,2.0641021728515625,0,-0.00922393798828125,0.00586700439453125,0.08010101318359375],[0,2.0641021728515625,0,-0.01318359375,0.00383758544921875,0.08367156982421875],[0,2.0641021728515625,0,-0.019134521484375,0.00202178955078125,0.0883331298828125],[0,2.0641021728515625,0,-0.0261688232421875,0.0001678466796875,0.0936431884765625],[0,2.0641021728515625,0,-0.03119659423828125,-0.00191497802734375,0.09824371337890625],[0,2.0641021728515625,0,-0.03269195556640625,-0.0035552978515625,0.10063934326171875],[0,2.0641021728515625,0,-0.03147125244140625,-0.0043487548828125,0.100341796875],[0,2.0641021728515625,0,-0.02911376953125,-0.004547119140625,0.09784698486328125],[0,2.0641021728515625,0,-0.026397705078125,-0.00493621826171875,0.0938568115234375],[0,2.0641021728515625,0,-0.0230865478515625,-0.005584716796875,0.0888671875],[0,2.0641021728515625,0,-0.01848602294921875,-0.00597381591796875,0.08339691162109375],[0,2.0641021728515625,0,-0.0127716064453125,-0.0058441162109375,0.0787200927734375],[0,2.0641021728515625,0,-0.0075531005859375,-0.00542449951171875,0.0767974853515625],[0,2.0641021728515625,0,-0.0040283203125,-0.00466156005859375,0.07874298095703125],[0,2.0641021728515625,0,-0.000885009765625,-0.00258636474609375,0.08379364013671875],[0,2.0641021728515625,0,0.0046844482421875,0.0019378662109375,0.09037017822265625]]
	mixamorig:RightArm Position : [[0,2.6769027709960938,0,0.31113433837890625,0.137054443359375,0.40201568603515625],[0,2.6769027709960938,0,0.2937164306640625,0.143341064453125,0.435791015625],[0,2.6769027709960938,0,0.25579071044921875,0.144866943359375,0.4566802978515625],[0,2.6769027709960938,0,0.22222900390625,0.13970947265625,0.47615814208984375],[0,2.6769027709960938,0,0.21706390380859375,0.135986328125,0.48720550537109375],[0,2.6769027709960938,0,0.23964691162109375,0.1467132568359375,0.4752960205078125],[0,2.6769027709960938,0,0.27275848388671875,0.17308807373046875,0.44213104248046875],[0,2.6769027709960938,0,0.307403564453125,0.20705413818359375,0.39936065673828125],[0,2.6769027709960938,0,0.3464813232421875,0.2317352294921875,0.347412109375],[0,2.6769027709960938,0,0.38634490966796875,0.22647857666015625,0.27362060546875],[0,2.6769027709960938,0,0.40550994873046875,0.19647979736328125,0.17209625244140625],[0,2.6769027709960938,0,0.38974761962890625,0.18414306640625,0.05867767333984375],[0,2.6769027709960938,0,0.357635498046875,0.222198486328125,-0.0432891845703125],[0,2.6769027709960938,0,0.3330535888671875,0.29000091552734375,-0.12067413330078125],[0,2.6769027709960938,0,0.31512451171875,0.34604644775390625,-0.1731109619140625],[0,2.6769027709960938,0,0.29457855224609375,0.37355804443359375,-0.20442962646484375],[0,2.6769027709960938,0,0.27318572998046875,0.37872314453125,-0.2167510986328125],[0,2.6769027709960938,0,0.258544921875,0.37253570556640625,-0.21551513671875],[0,2.6769027709960938,0,0.25186920166015625,0.361572265625,-0.20804595947265625],[0,2.6769027709960938,0,0.24863433837890625,0.34808349609375,-0.19527435302734375],[0,2.6769027709960938,0,0.2464752197265625,0.3331756591796875,-0.17259979248046875],[0,2.6769027709960938,0,0.2450103759765625,0.314849853515625,-0.13787078857421875],[0,2.6769027709960938,0,0.24216461181640625,0.28379058837890625,-0.09052276611328125],[0,2.6769027709960938,0,0.24002838134765625,0.23101043701171875,-0.02288818359375],[0,2.6769027709960938,0,0.2501678466796875,0.16761016845703125,0.07360076904296875],[0,2.6769027709960938,0,0.27684783935546875,0.124725341796875,0.1902618408203125],[0,2.6769027709960938,0,0.3034210205078125,0.11862945556640625,0.3055572509765625],[0,2.6769027709960938,0,0.31113433837890625,0.137054443359375,0.40201568603515625]]
	mixamorig:RightFoot Position : [[0,6.042396545410156,0,0.5196914672851562,-0.527587890625,0.49845123291015625],[0,6.042396545410156,0,0.4361724853515625,-0.5024185180664062,0.5641632080078125],[0,6.042396545410156,0,0.38726043701171875,-0.4842987060546875,0.62164306640625],[0,6.042396545410156,0,0.36942291259765625,-0.46768951416015625,0.650299072265625],[0,6.042396545410156,0,0.3812713623046875,-0.446868896484375,0.6479339599609375],[0,6.042396545410156,0,0.414764404296875,-0.4356231689453125,0.6200942993164062],[0,6.042396545410156,0,0.47088623046875,-0.43704986572265625,0.5721359252929688],[0,6.042396545410156,0,0.5190353393554688,-0.46845245361328125,0.5286102294921875],[0,6.042396545410156,0,0.5505599975585938,-0.5151824951171875,0.4931793212890625],[0,6.042396545410156,0,0.595062255859375,-0.5631637573242188,0.43201446533203125],[0,6.042396545410156,0,0.6561431884765625,-0.6063690185546875,0.3296051025390625],[0,6.042396545410156,0,0.693023681640625,-0.6399765014648438,0.24190521240234375],[0,6.042396545410156,0,0.69146728515625,-0.6473388671875,0.24603271484375],[0,6.042396545410156,0,0.666351318359375,-0.6183013916015625,0.32559967041015625],[0,6.042396545410156,0,0.6362075805664062,-0.5811386108398438,0.39530181884765625],[0,6.042396545410156,0,0.6068878173828125,-0.557159423828125,0.442230224609375],[0,6.042396545410156,0,0.5800399780273438,-0.5458526611328125,0.47957611083984375],[0,6.042396545410156,0,0.5724945068359375,-0.5274887084960938,0.49997711181640625],[0,6.042396545410156,0,0.5772247314453125,-0.5065155029296875,0.5053558349609375],[0,6.042396545410156,0,0.5630035400390625,-0.49261474609375,0.5210342407226562],[0,6.042396545410156,0,0.5454788208007812,-0.49756622314453125,0.5339813232421875],[0,6.042396545410156,0,0.5420303344726562,-0.495391845703125,0.5354690551757812],[0,6.042396545410156,0,0.5690994262695312,-0.4480438232421875,0.5046005249023438],[0,6.042396545410156,0,0.586578369140625,-0.48921966552734375,0.47714996337890625],[0,6.042396545410156,0,0.6158676147460938,-0.5362548828125,0.43233489990234375],[0,6.042396545410156,0,0.6288986206054688,-0.5636062622070312,0.40587615966796875],[0,6.042396545410156,0,0.6103363037109375,-0.5671310424804688,0.41756439208984375],[0,6.042396545410156,0,0.5196914672851562,-0.527587890625,0.49845123291015625]]
	mixamorig:RightForeArm Position : [[0,3.1947021484375,0,0.00356292724609375,-0.00286102294921875,0.5827407836914062],[0,3.1947021484375,0,0.004058837890625,-0.00325775146484375,0.66387939453125],[0,3.1947021484375,0,0.00446319580078125,-0.00357818603515625,0.7305450439453125],[0,3.1947021484375,0,0.0045928955078125,-0.00392913818359375,0.7716140747070312],[0,3.1947021484375,0,0.0047760009765625,-0.0038909912109375,0.7867431640625],[0,3.1947021484375,0,0.00472259521484375,-0.00390625,0.7823944091796875],[0,3.1947021484375,0,0.00449371337890625,-0.00394439697265625,0.7637939453125],[0,3.1947021484375,0,0.00445556640625,-0.003570556640625,0.728607177734375],[0,3.1947021484375,0,0.004058837890625,-0.00325775146484375,0.6638870239257812],[0,3.1947021484375,0,0.00341796875,-0.00274658203125,0.5595321655273438],[0,3.1947021484375,0,0.002685546875,-0.002166748046875,0.4398193359375],[0,3.1947021484375,0,0.0022125244140625,-0.0017852783203125,0.36145782470703125],[0,3.1947021484375,0,0.0021514892578125,-0.00173187255859375,0.35170745849609375],[0,3.1947021484375,0,0.00234222412109375,-0.00188446044921875,0.38315582275390625],[0,3.1947021484375,0,0.0025634765625,-0.0020599365234375,0.41899871826171875],[0,3.1947021484375,0,0.002716064453125,-0.00218963623046875,0.444793701171875],[0,3.1947021484375,0,0.0028076171875,-0.00226593017578125,0.45989227294921875],[0,3.1947021484375,0,0.00284576416015625,-0.002288818359375,0.46573638916015625],[0,3.1947021484375,0,0.00284576416015625,-0.002288818359375,0.465606689453125],[0,3.1947021484375,0,0.00284576416015625,-0.002288818359375,0.46527862548828125],[0,3.1947021484375,0,0.00286102294921875,-0.0023040771484375,0.4680328369140625],[0,3.1947021484375,0,0.00287628173828125,-0.00231170654296875,0.470062255859375],[0,3.1947021484375,0,0.00283050537109375,-0.00228118896484375,0.462738037109375],[0,3.1947021484375,0,0.00270843505859375,-0.0021820068359375,0.44301605224609375],[0,3.1947021484375,0,0.00260162353515625,-0.00209808349609375,0.425872802734375],[0,3.1947021484375,0,0.00267791748046875,-0.00215911865234375,0.43845367431640625],[0,3.1947021484375,0,0.00301361083984375,-0.0024261474609375,0.4936065673828125],[0,3.1947021484375,0,0.00356292724609375,-0.00286102294921875,0.5827407836914062]]
	mixamorig:RightLeg Position : [[0,7.035102844238281,0,-0.000335693359375,0.085113525390625,-0.20877838134765625],[0,7.035102844238281,0,0.00177001953125,0.086669921875,-0.05117034912109375],[0,7.035102844238281,0,0.01139068603515625,0.05865478515625,-0.08736419677734375],[0,7.035102844238281,0,-0.001007080078125,0.01581573486328125,-0.084747314453125],[0,7.035102844238281,0,-0.02869415283203125,0.000732421875,-0.04917144775390625],[0,7.035102844238281,0,-0.04509735107421875,0.0184326171875,-0.161041259765625],[0,7.035102844238281,0,-0.0402679443359375,0.04341888427734375,-0.351531982421875],[0,7.035102844238281,0,-0.021148681640625,0.04357147216796875,-0.5473556518554688],[0,7.035102844238281,0,-0.004852294921875,0.02542877197265625,-0.7087783813476562],[0,7.035102844238281,0,0.0102691650390625,0.01781463623046875,-0.8339309692382812],[0,7.035102844238281,0,0.027618408203125,0.02117156982421875,-0.9131088256835938],[0,7.035102844238281,0,0.03258514404296875,0.0186309814453125,-0.9479293823242188],[0,7.035102844238281,0,0.0183563232421875,0.0072784423828125,-0.954925537109375],[0,7.035102844238281,0,0.0034942626953125,-0.00103759765625,-0.9401626586914062],[0,7.035102844238281,0,0.0023651123046875,0.0052032470703125,-0.901885986328125],[0,7.035102844238281,0,0.007659912109375,0.02014923095703125,-0.837677001953125],[0,7.035102844238281,0,0.0037384033203125,0.01441192626953125,-0.7443313598632812],[0,7.035102844238281,0,-0.00229644775390625,-0.02898406982421875,-0.609649658203125],[0,7.035102844238281,0,0.0115509033203125,-0.0702972412109375,-0.4400482177734375],[0,7.035102844238281,0,0.0297088623046875,-0.06671905517578125,-0.27030181884765625],[0,7.035102844238281,0,0.0278778076171875,-0.04427337646484375,-0.18622589111328125],[0,7.035102844238281,0,0.02127838134765625,-0.0427398681640625,-0.20135498046875],[0,7.035102844238281,0,0.01569366455078125,-0.05304718017578125,-0.296173095703125],[0,7.035102844238281,0,0.00806427001953125,-0.06662750244140625,-0.4210357666015625],[0,7.035102844238281,0,0.00864410400390625,-0.05339813232421875,-0.4874420166015625],[0,7.035102844238281,0,0.01834869384765625,0.000579833984375,-0.483642578125],[0,7.035102844238281,0,0.0175933837890625,0.06075286865234375,-0.3938446044921875],[0,7.035102844238281,0,-0.000335693359375,0.085113525390625,-0.20877838134765625]]
	mixamorig:RightShoulder Position : [[0.00080108642578125,1.860198974609375,-1.3320999145507812,-0.0472564697265625,0.7393646240234375,-0.6715927124023438],[0.00080108642578125,1.860198974609375,-1.3320999145507812,-0.04065704345703125,0.7280349731445312,-0.6843185424804688],[0.00080108642578125,1.860198974609375,-1.3320999145507812,0.03113555908203125,-0.7296066284179688,0.6831436157226562],[0.00080108642578125,1.860198974609375,-1.3320999145507812,0.0142059326171875,-0.7265167236328125,0.686798095703125],[0.00080108642578125,1.860198974609375,-1.3320999145507812,0.0006866455078125,-0.7174606323242188,0.69610595703125],[0.00080108642578125,1.860198974609375,-1.3320999145507812,0.00131988525390625,-0.7132110595703125,0.70050048828125],[0.00080108642578125,1.860198974609375,-1.3320999145507812,0.00731658935546875,-0.716888427734375,0.6968460083007812],[0.00080108642578125,1.860198974609375,-1.3320999145507812,0.00301361083984375,-0.7225723266601562,0.6908416748046875],[0.00080108642578125,1.860198974609375,-1.3320999145507812,-0.01271820068359375,-0.7260284423828125,0.6865081787109375],[0.00080108642578125,1.860198974609375,-1.3320999145507812,-0.02666473388671875,-0.7298355102539062,0.6813201904296875],[0.00080108642578125,1.860198974609375,-1.3320999145507812,-0.03057861328125,-0.7370452880859375,0.6730422973632812],[0.00080108642578125,1.860198974609375,-1.3320999145507812,-0.032073974609375,-0.7427215576171875,0.6665573120117188],[0.00080108642578125,1.860198974609375,-1.3320999145507812,-0.04117584228515625,-0.7394027709960938,0.669097900390625],[0.00080108642578125,1.860198974609375,-1.3320999145507812,-0.055450439453125,-0.7269821166992188,0.6805496215820312],[0.00080108642578125,1.860198974609375,-1.3320999145507812,-0.0647735595703125,-0.7134552001953125,0.6932601928710938],[0.00080108642578125,1.860198974609375,-1.3320999145507812,-0.06604766845703125,-0.7053375244140625,0.701385498046875],[0.00080108642578125,1.860198974609375,-1.3320999145507812,-0.06552886962890625,-0.7015304565429688,0.7052993774414062],[0.00080108642578125,1.860198974609375,-1.3320999145507812,-0.0672607421875,-0.6993560791015625,0.7071456909179688],[0.00080108642578125,1.860198974609375,-1.3320999145507812,-0.06763458251953125,-0.6996231079101562,0.706787109375],[0.00080108642578125,1.860198974609375,-1.3320999145507812,-0.06221771240234375,-0.70416259765625,0.7031784057617188],[0.00080108642578125,1.860198974609375,-1.3320999145507812,-0.05228424072265625,-0.7131271362304688,0.6956558227539062],[0.00080108642578125,1.860198974609375,-1.3320999145507812,-0.04155731201171875,-0.7274093627929688,0.6821365356445312],[0.00080108642578125,1.860198974609375,-1.3320999145507812,-0.028900146484375,-0.7484054565429688,0.6603775024414062],[0.00080108642578125,1.860198974609375,-1.3320999145507812,-0.0096893310546875,-0.7712020874023438,0.6351394653320312],[0.00080108642578125,1.860198974609375,-1.3320999145507812,0.01593780517578125,-0.7840728759765625,0.6200714111328125],[0.00080108642578125,1.860198974609375,-1.3320999145507812,0.0400848388671875,-0.7796707153320312,0.6249008178710938],[0.00080108642578125,1.860198974609375,-1.3320999145507812,-0.05268096923828125,0.7619171142578125,-0.6454544067382812],[0.00080108642578125,1.860198974609375,-1.3320999145507812,-0.0472564697265625,0.7393646240234375,-0.6715927124023438]]
	mixamorig:RightToeBase Position : [[0,1.0681991577148438,0,0.16248321533203125,0.00290679931640625,-0.00537109375],[0,1.0681991577148438,0,0.18890380859375,0.0033416748046875,-0.00545501708984375],[0,1.0681991577148438,0,0.11701202392578125,0.00214385986328125,-0.0052490234375],[0,1.0681991577148438,0,0.038177490234375,0.00080108642578125,-0.00513458251953125],[0,1.0681991577148438,0,0.03057098388671875,0.0002288818359375,-0.0051116943359375],[0,1.0681991577148438,0,0.09173583984375,0.00171661376953125,-0.00519561767578125],[0,1.0681991577148438,0,0.1685943603515625,0.0030059814453125,-0.0053863525390625],[0,1.0681991577148438,0,0.22515869140625,0.00392913818359375,-0.00559234619140625],[0,1.0681991577148438,0,0.2548370361328125,0.00440216064453125,-0.00572967529296875],[0,1.0681991577148438,0,0.245819091796875,0.0042572021484375,-0.00568389892578125],[0,1.0681991577148438,0,0.189056396484375,0.00334930419921875,-0.00545501708984375],[0,1.0681991577148438,0,0.11441802978515625,0.00209808349609375,-0.00524139404296875],[0,1.0681991577148438,0,0.06462860107421875,0.00125885009765625,-0.005157470703125],[0,1.0681991577148438,0,0.04766845703125,0.00096893310546875,-0.0051422119140625],[0,1.0681991577148438,0,0.0447845458984375,0.00091552734375,-0.00513458251953125],[0,1.0681991577148438,0,0.0421905517578125,0.00087738037109375,-0.00513458251953125],[0,1.0681991577148438,0,0.03814697265625,0.00080108642578125,-0.00513458251953125],[0,1.0681991577148438,0,0.03310394287109375,0.000244140625,-0.0051116943359375],[0,1.0681991577148438,0,0.02570343017578125,0.00020599365234375,-0.0051116943359375],[0,1.0681991577148438,0,0.0173492431640625,0.0001678466796875,-0.00511932373046875],[0,1.0681991577148438,0,0.01442718505859375,0.000152587890625,-0.00511932373046875],[0,1.0681991577148438,0,0.0209503173828125,0.00018310546875,-0.00511932373046875],[0,1.0681991577148438,0,0.0324554443359375,0.000244140625,-0.0051116943359375],[0,1.0681991577148438,0,0.042724609375,0.000885009765625,-0.00513458251953125],[0,1.0681991577148438,0,0.05130767822265625,0.00102996826171875,-0.0051422119140625],[0,1.0681991577148438,0,0.0661468505859375,0.00128173828125,-0.005157470703125],[0,1.0681991577148438,0,0.0944671630859375,0.00176239013671875,-0.0052032470703125],[0,1.0681991577148438,0,0.1622467041015625,0.002899169921875,-0.00536346435546875]]
	mixamorig:RightUpLeg Position : [[-0.0514984130859375,-0.7671966552734375,-1.9925994873046875,-0.0616912841796875,0.00786590576171875,0.9979324340820312],[-0.0514984130859375,-0.7671966552734375,-1.9925994873046875,-0.11893463134765625,0.05570220947265625,0.9829330444335938],[-0.0514984130859375,-0.7671966552734375,-1.9925994873046875,-0.1446533203125,0.082763671875,0.9747085571289062],[-0.0514984130859375,-0.7671966552734375,-1.9925994873046875,-0.143585205078125,0.08332061767578125,0.9663238525390625],[-0.0514984130859375,-0.7671966552734375,-1.9925994873046875,-0.12558746337890625,0.07297515869140625,0.9515914916992188],[-0.0514984130859375,-0.7671966552734375,-1.9925994873046875,-0.09625244140625,0.0754547119140625,0.9466323852539062],[-0.0514984130859375,-0.7671966552734375,-1.9925994873046875,-0.0648345947265625,0.07891082763671875,0.9494400024414062],[-0.0514984130859375,-0.7671966552734375,-1.9925994873046875,-0.0384368896484375,0.07643890380859375,0.9561386108398438],[-0.0514984130859375,-0.7671966552734375,-1.9925994873046875,-0.0201873779296875,0.07646942138671875,0.961822509765625],[-0.0514984130859375,-0.7671966552734375,-1.9925994873046875,-0.0091552734375,0.08811187744140625,0.9665451049804688],[-0.0514984130859375,-0.7671966552734375,-1.9925994873046875,-0.00611114501953125,0.107696533203125,0.9698867797851562],[-0.0514984130859375,-0.7671966552734375,-1.9925994873046875,-0.01157379150390625,0.10805511474609375,0.9814605712890625],[-0.0514984130859375,-0.7671966552734375,-1.9925994873046875,0.01290130615234375,-0.0696868896484375,-0.9973220825195312],[-0.0514984130859375,-0.7671966552734375,-1.9925994873046875,0.018035888671875,-0.0196380615234375,-0.9673843383789062],[-0.0514984130859375,-0.7671966552734375,-1.9925994873046875,0.01740264892578125,0.02184295654296875,-0.9076614379882812],[-0.0514984130859375,-0.7671966552734375,-1.9925994873046875,0.00234222412109375,0.04931640625,-0.8570938110351562],[-0.0514984130859375,-0.7671966552734375,-1.9925994873046875,-0.0142364501953125,0.0560150146484375,-0.8300933837890625],[-0.0514984130859375,-0.7671966552734375,-1.9925994873046875,-0.016387939453125,0.04395294189453125,-0.834716796875],[-0.0514984130859375,-0.7671966552734375,-1.9925994873046875,-0.00034332275390625,0.0352935791015625,-0.8614578247070312],[-0.0514984130859375,-0.7671966552734375,-1.9925994873046875,0.02059173583984375,0.04526519775390625,-0.8907623291015625],[-0.0514984130859375,-0.7671966552734375,-1.9925994873046875,0.0322265625,0.0601348876953125,-0.9060592651367188],[-0.0514984130859375,-0.7671966552734375,-1.9925994873046875,0.02976226806640625,0.06610870361328125,-0.9138259887695312],[-0.0514984130859375,-0.7671966552734375,-1.9925994873046875,0.01885223388671875,0.07085418701171875,-0.9179611206054688],[-0.0514984130859375,-0.7671966552734375,-1.9925994873046875,0.0093994140625,0.084197998046875,-0.9202194213867188],[-0.0514984130859375,-0.7671966552734375,-1.9925994873046875,0.00955963134765625,0.0991058349609375,-0.9367218017578125],[-0.0514984130859375,-0.7671966552734375,-1.9925994873046875,0.018310546875,0.09215545654296875,-0.966064453125],[-0.0514984130859375,-0.7671966552734375,-1.9925994873046875,0.03293609619140625,0.0459442138671875,-0.9909515380859375],[-0.0514984130859375,-0.7671966552734375,-1.9925994873046875,-0.0616912841796875,0.00786590576171875,0.9979324340820312]]
	mixamorig:Spine Position : [[-0.01020050048828125,1.3759994506835938,0,0.0172271728515625,-0.09832000732421875,-0.12842559814453125],[-0.01020050048828125,1.3759994506835938,0,0.04975128173828125,-0.11194610595703125,-0.11988067626953125],[-0.01020050048828125,1.3759994506835938,0,0.0712890625,-0.121795654296875,-0.1046295166015625],[-0.01020050048828125,1.3759994506835938,0,0.07675933837890625,-0.1321563720703125,-0.085205078125],[-0.01020050048828125,1.3759994506835938,0,0.07353973388671875,-0.13836669921875,-0.07201385498046875],[-0.01020050048828125,1.3759994506835938,0,0.06769561767578125,-0.13254547119140625,-0.07147216796875],[-0.01020050048828125,1.3759994506835938,0,0.06160736083984375,-0.1158294677734375,-0.07764434814453125],[-0.01020050048828125,1.3759994506835938,0,0.056549072265625,-0.09569549560546875,-0.0807342529296875],[-0.01020050048828125,1.3759994506835938,0,0.05796051025390625,-0.07225799560546875,-0.08124542236328125],[-0.01020050048828125,1.3759994506835938,0,0.06760406494140625,-0.04297637939453125,-0.0873870849609375],[-0.01020050048828125,1.3759994506835938,0,0.07555389404296875,-0.0068511962890625,-0.1013336181640625],[-0.01020050048828125,1.3759994506835938,0,0.06591033935546875,0.03459930419921875,-0.11553192138671875],[-0.01020050048828125,1.3759994506835938,0,0.03316497802734375,0.074005126953125,-0.1218414306640625],[-0.01020050048828125,1.3759994506835938,0,-0.00753021240234375,0.10138702392578125,-0.12004852294921875],[-0.01020050048828125,1.3759994506835938,0,-0.03662109375,0.1171112060546875,-0.1150360107421875],[-0.01020050048828125,1.3759994506835938,0,-0.05112457275390625,0.12738037109375,-0.10851287841796875],[-0.01020050048828125,1.3759994506835938,0,-0.055267333984375,0.13368988037109375,-0.0982208251953125],[-0.01020050048828125,1.3759994506835938,0,-0.0550079345703125,0.1347198486328125,-0.0851898193359375],[-0.01020050048828125,1.3759994506835938,0,-0.05510711669921875,0.13007354736328125,-0.07526397705078125],[-0.01020050048828125,1.3759994506835938,0,-0.056304931640625,0.1237335205078125,-0.071807861328125],[-0.01020050048828125,1.3759994506835938,0,-0.0561065673828125,0.11843109130859375,-0.071990966796875],[-0.01020050048828125,1.3759994506835938,0,-0.0560455322265625,0.11136627197265625,-0.07390594482421875],[-0.01020050048828125,1.3759994506835938,0,-0.0615081787109375,0.09780120849609375,-0.08184814453125],[-0.01020050048828125,1.3759994506835938,0,-0.07288360595703125,0.0735015869140625,-0.0999603271484375],[-0.01020050048828125,1.3759994506835938,0,-0.08010101318359375,0.03778839111328125,-0.12351226806640625],[-0.01020050048828125,1.3759994506835938,0,-0.0677642822265625,-0.0081787109375,-0.1405487060546875],[-0.01020050048828125,1.3759994506835938,0,-0.02686309814453125,-0.0553436279296875,-0.14215850830078125],[-0.01020050048828125,1.3759994506835938,0,0.0172271728515625,-0.09832000732421875,-0.12842559814453125]]
	mixamorig:Spine1 Position : [[0,1.6054000854492188,0,-0.00020599365234375,-0.0268096923828125,-0.00782012939453125],[0,1.6054000854492188,0,0.01067352294921875,-0.03278350830078125,-0.0013580322265625],[0,1.6054000854492188,0,0.01976776123046875,-0.03630828857421875,0.005706787109375],[0,1.6054000854492188,0,0.0227508544921875,-0.03861236572265625,0.00786590576171875],[0,1.6054000854492188,0,0.02020263671875,-0.03888702392578125,0.00376129150390625],[0,1.6054000854492188,0,0.01630401611328125,-0.03572845458984375,-0.002655029296875],[0,1.6054000854492188,0,0.0135955810546875,-0.02977752685546875,-0.00701141357421875],[0,1.6054000854492188,0,0.01216888427734375,-0.02306365966796875,-0.008514404296875],[0,1.6054000854492188,0,0.01244354248046875,-0.0165863037109375,-0.00847625732421875],[0,1.6054000854492188,0,0.01479339599609375,-0.0096893310546875,-0.00797271728515625],[0,1.6054000854492188,0,0.0167083740234375,-0.001434326171875,-0.00803375244140625],[0,1.6054000854492188,0,0.01444244384765625,0.0082550048828125,-0.009307861328125],[0,1.6054000854492188,0,0.00803375244140625,0.01837921142578125,-0.01047515869140625],[0,1.6054000854492188,0,0.001007080078125,0.02718353271484375,-0.0085601806640625],[0,1.6054000854492188,0,-0.00444793701171875,0.03333282470703125,-0.002105712890625],[0,1.6054000854492188,0,-0.0089111328125,0.03685760498046875,0.0060882568359375],[0,1.6054000854492188,0,-0.01247406005859375,0.03821563720703125,0.010345458984375],[0,1.6054000854492188,0,-0.0136260986328125,0.0375213623046875,0.0073394775390625],[0,1.6054000854492188,0,-0.01239776611328125,0.0350189208984375,-0.00025177001953125],[0,1.6054000854492188,0,-0.01128387451171875,0.0316619873046875,-0.0066680908203125],[0,1.6054000854492188,0,-0.0117950439453125,0.0284576416015625,-0.00926971435546875],[0,1.6054000854492188,0,-0.01323699951171875,0.02553558349609375,-0.009521484375],[0,1.6054000854492188,0,-0.01485443115234375,0.02204132080078125,-0.009552001953125],[0,1.6054000854492188,0,-0.01657867431640625,0.01680755615234375,-0.0103912353515625],[0,1.6054000854492188,0,-0.0171966552734375,0.0092315673828125,-0.011871337890625],[0,1.6054000854492188,0,-0.01457977294921875,-0.000579833984375,-0.01273345947265625],[0,1.6054000854492188,0,-0.0083160400390625,-0.01258087158203125,-0.01154327392578125],[0,1.6054000854492188,0,-0.00020599365234375,-0.0268096923828125,-0.00782012939453125]]
	mixamorig:Spine2 Position : [[0,1.8347015380859375,0,-0.000213623046875,-0.02674102783203125,-0.0078887939453125],[0,1.8347015380859375,0,0.010955810546875,-0.03302001953125,-0.00101470947265625],[0,1.8347015380859375,0,0.0203094482421875,-0.03656768798828125,0.00629425048828125],[0,1.8347015380859375,0,0.02347564697265625,-0.03870391845703125,0.00846099853515625],[0,1.8347015380859375,0,0.020843505859375,-0.03890228271484375,0.0042877197265625],[0,1.8347015380859375,0,0.016693115234375,-0.03583526611328125,-0.00217437744140625],[0,1.8347015380859375,0,0.0138092041015625,-0.02997589111328125,-0.0065765380859375],[0,1.8347015380859375,0,0.01236724853515625,-0.0232391357421875,-0.00817108154296875],[0,1.8347015380859375,0,0.012664794921875,-0.01673126220703125,-0.00821685791015625],[0,1.8347015380859375,0,0.0149993896484375,-0.00995635986328125,-0.0078125],[0,1.8347015380859375,0,0.0168609619140625,-0.0018768310546875,-0.00801849365234375],[0,1.8347015380859375,0,0.01454925537109375,0.00777435302734375,-0.0094757080078125],[0,1.8347015380859375,0,0.008087158203125,0.0180816650390625,-0.0107574462890625],[0,1.8347015380859375,0,0.0009918212890625,0.02712249755859375,-0.008819580078125],[0,1.8347015380859375,0,-0.00469207763671875,0.03340911865234375,-0.00231170654296875],[0,1.8347015380859375,0,-0.009490966796875,0.0369415283203125,0.0058441162109375],[0,1.8347015380859375,0,-0.01324462890625,0.03826904296875,0.010009765625],[0,1.8347015380859375,0,-0.01421356201171875,0.03760528564453125,0.0070037841796875],[0,1.8347015380859375,0,-0.0125732421875,0.035186767578125,-0.0004730224609375],[0,1.8347015380859375,0,-0.0111846923828125,0.031890869140625,-0.0067596435546875],[0,1.8347015380859375,0,-0.0117034912109375,0.02870941162109375,-0.00930023193359375],[0,1.8347015380859375,0,-0.01322174072265625,0.025787353515625,-0.00952911376953125],[0,1.8347015380859375,0,-0.01486968994140625,0.0223541259765625,-0.009552001953125],[0,1.8347015380859375,0,-0.0165557861328125,0.017242431640625,-0.01039886474609375],[0,1.8347015380859375,0,-0.01712799072265625,0.0097808837890625,-0.01195526123046875],[0,1.8347015380859375,0,-0.01445770263671875,0.00019073486328125,-0.01293182373046875],[0,1.8347015380859375,0,-0.008148193359375,-0.012237548828125,-0.01177978515625],[0,1.8347015380859375,0,-0.000213623046875,-0.02674102783203125,-0.0078887939453125]]

DONE
  main.js:43460:3
